#RPLIDAR SCAN DATA
#COUNT=410
#Angule	Distance	Quality
20.5444 121.0 188
21.1707 121.0 188
21.7804 120.0 188
22.4011 120.0 188
23.0273 120.0 188
23.6371 120.0 188
24.2633 121.0 188
24.8895 121.0 188
25.4993 121.0 188
26.1200 121.0 188
26.7462 122.0 188
27.3560 122.0 188
27.9822 122.0 188
28.6084 123.0 188
29.2181 122.0 188
29.8389 123.0 188
30.4651 123.0 188
31.0913 124.0 188
31.7010 124.0 188
32.3273 124.0 188
32.9480 125.0 188
33.5577 125.0 188
34.1840 126.0 188
34.8102 126.0 188
35.4199 126.0 188
36.0461 127.0 188
36.6669 127.0 188
37.2766 128.0 188
37.9028 129.0 188
38.5291 130.0 188
39.1388 131.0 188
39.7650 132.0 188
40.3857 133.0 188
41.0120 134.0 188
41.6217 136.0 188
42.2479 137.0 188
42.8741 139.0 188
43.4949 140.0 188
44.1211 142.0 188
44.7473 143.0 188
45.3571 145.0 188
45.9833 146.0 188
46.6040 148.0 188
47.2302 150.0 188
47.8564 152.0 188
48.4827 153.0 188
49.0924 155.0 188
49.7186 157.0 188
50.3394 159.0 188
50.9656 161.0 188
51.5918 164.0 188
52.2180 166.0 188
52.8387 168.0 188
53.4485 170.0 188
54.0747 173.0 188
54.4482 175.0 188
55.0745 178.0 188
55.7007 181.0 188
56.3269 184.0 188
56.9366 187.0 188
57.5574 190.0 188
58.1836 193.0 188
58.8098 196.0 188
58.9362 201.0 188
59.1833 204.0 188
60.6830 208.0 188
61.9189 218.0 188
61.0455 223.0 188
63.1714 227.0 188
62.1552 232.0 188
62.6550 237.0 188
70.7300 235.0 188
70.9827 234.0 188
73.1085 233.0 188
73.4656 232.0 188
72.5922 231.0 188
74.3390 229.0 188
75.5914 228.0 188
76.2012 228.0 188
76.8274 227.0 188
77.4481 226.0 188
78.0743 225.0 188
77.0581 225.0 188
79.3103 225.0 188
79.9365 224.0 188
80.5573 223.0 188
80.6671 223.0 188
80.9198 223.0 188
82.4030 222.0 188
83.0292 222.0 188
83.6554 222.0 188
84.2651 221.0 188
84.8859 221.0 188
85.5121 221.0 188
86.1218 223.0 188
86.9952 121.0 188
87.6215 120.0 188
88.2312 120.0 188
88.8574 121.0 188
89.4836 120.0 188
90.0934 121.0 188
90.7141 121.0 188
91.3403 120.0 188
91.9501 120.0 188
92.5763 121.0 188
93.2025 120.0 188
93.8123 121.0 188
94.4330 121.0 188
95.0592 121.0 188
95.6689 121.0 188
96.2952 121.0 188
96.9214 121.0 188
97.5311 121.0 188
98.1519 121.0 188
107.2156 231.0 188
106.4685 232.0 188
107.2156 234.0 188
108.4515 235.0 188
109.6985 236.0 188
108.4515 238.0 188
109.4513 238.0 188
109.5776 239.0 188
110.1874 240.0 188
112.1869 242.0 188
111.9342 244.0 188
112.3077 246.0 188
114.6698 246.0 188
113.5437 248.0 188
114.1699 249.0 188
115.0433 250.0 188
115.6696 253.0 188
115.7794 254.0 188
117.9053 256.0 188
116.6528 258.0 188
117.6526 260.0 188
118.9050 261.0 188
119.5148 265.0 188
120.2454 267.0 188
120.2454 269.0 188
123.2336 264.0 188
125.0903 254.0 188
125.7001 244.0 188
127.3260 240.0 188
127.5623 235.0 188
128.3093 231.0 188
128.9355 228.0 188
129.6716 224.0 188
131.4185 221.0 188
131.5283 218.0 188
131.6547 215.0 188
132.4017 212.0 188
133.2642 209.0 188
134.5111 207.0 188
135.1373 204.0 188
135.7471 201.0 188
136.3733 199.0 188
136.9830 197.0 188
137.6093 194.0 188
138.2300 193.0 188
138.8397 191.0 188
139.4659 189.0 188
140.0922 187.0 188
140.7019 185.0 188
141.3281 183.0 188
141.9324 182.0 188
142.5586 180.0 188
143.1848 179.0 188
143.7946 178.0 188
144.4208 176.0 188
145.0415 175.0 188
145.6512 173.0 188
146.5302 172.0 188
147.1509 171.0 188
147.7606 170.0 188
148.3868 169.0 188
149.0131 167.0 188
149.6228 166.0 188
150.2490 165.0 188
150.8698 164.0 188
151.4795 163.0 188
152.1057 162.0 188
152.7319 161.0 188
153.3417 160.0 188
153.9679 160.0 188
154.5886 159.0 188
155.1984 158.0 188
155.8246 157.0 188
156.4508 157.0 188
157.0605 156.0 188
157.6868 155.0 188
158.3075 155.0 188
158.9172 153.0 188
159.5435 153.0 188
160.1697 153.0 188
160.7794 151.0 188
161.4056 151.0 188
162.0154 151.0 188
162.6361 150.0 188
163.2623 150.0 188
163.8721 149.0 188
164.4983 150.0 188
165.1245 149.0 188
165.7343 148.0 188
166.3550 148.0 188
185.5920 147.0 188
186.2183 147.0 188
187.4487 148.0 188
188.0750 148.0 188
188.7012 148.0 188
189.3274 149.0 188
189.9481 149.0 188
190.5743 150.0 188
191.2006 150.0 188
191.8268 150.0 188
192.4530 151.0 188
193.0737 151.0 188
193.6835 152.0 188
194.3097 152.0 188
194.9359 153.0 188
195.5621 153.0 188
196.1829 154.0 188
196.8091 154.0 188
197.4353 155.0 188
198.0615 155.0 188
198.6823 157.0 188
199.3085 157.0 188
199.9347 158.0 188
200.5444 158.0 188
201.1707 159.0 188
201.7804 160.0 188
202.4011 160.0 188
203.0273 161.0 188
203.6371 162.0 188
204.2633 163.0 188
204.8895 163.0 188
205.4993 165.0 188
206.1200 166.0 188
206.7462 167.0 188
207.3560 167.0 188
207.9822 168.0 188
208.6084 170.0 188
209.2181 171.0 188
209.8389 172.0 188
210.2179 174.0 188
210.8276 174.0 188
211.4484 176.0 188
212.0746 178.0 188
212.6843 178.0 188
213.3105 180.0 188
213.9368 181.0 188
214.5465 182.0 188
215.1672 184.0 188
221.6382 172.0 188
222.2644 169.0 188
223.5114 164.0 188
224.1376 162.0 188
224.7638 159.0 188
225.3900 152.0 188
226.0107 148.0 188
226.6370 148.0 188
227.2632 147.0 188
227.8894 148.0 188
228.5156 148.0 188
229.1364 147.0 188
229.7626 145.0 188
230.3888 143.0 188
231.0150 142.0 188
231.6357 140.0 188
232.2620 139.0 188
232.8882 138.0 188
233.5144 137.0 188
234.1406 135.0 188
234.7614 134.0 188
235.3876 133.0 188
236.0138 133.0 188
236.6400 132.0 188
237.2607 131.0 188
237.8870 131.0 188
238.5132 131.0 188
239.1394 130.0 188
239.7766 129.0 188
240.3864 129.0 188
241.0126 129.0 188
241.6388 128.0 188
242.2650 128.0 188
242.8857 127.0 188
243.5120 127.0 188
244.1382 127.0 188
244.7644 126.0 188
245.3741 126.0 188
245.9949 126.0 188
246.6211 126.0 188
247.2473 126.0 188
247.8735 126.0 188
248.4998 126.0 188
249.1205 125.0 188
249.7467 125.0 188
250.3564 125.0 188
250.9827 125.0 188
251.6089 125.0 188
252.2296 125.0 188
252.8558 124.0 188
253.4821 125.0 188
254.1083 124.0 188
254.7290 124.0 188
255.3387 124.0 188
255.9650 124.0 188
256.5912 124.0 188
257.2174 124.0 188
257.8436 124.0 188
258.4644 124.0 188
259.0906 124.0 188
259.7168 124.0 188
260.3265 124.0 188
260.9528 124.0 188
261.5735 124.0 188
262.1997 124.0 188
262.8259 124.0 188
263.4521 124.0 188
264.0729 124.0 188
264.6991 124.0 188
265.3088 124.0 188
265.9351 124.0 188
266.5613 124.0 188
267.1875 124.0 188
267.8082 124.0 188
268.4344 124.0 188
269.0607 124.0 188
269.6869 124.0 188
270.2966 124.0 188
270.9174 124.0 188
271.5436 124.0 188
272.1698 124.0 188
272.7960 124.0 188
273.4167 124.0 188
274.0430 124.0 188
274.6692 124.0 188
275.2789 124.0 188
275.9052 124.0 188
276.5259 125.0 188
277.1521 125.0 188
277.7783 125.0 188
278.4045 125.0 188
279.0308 125.0 188
279.6515 125.0 188
280.2612 125.0 188
280.8875 125.0 188
281.5137 126.0 188
282.1399 126.0 188
282.7496 126.0 188
283.3704 126.0 188
283.9966 126.0 188
284.6228 126.0 188
285.2325 127.0 188
285.8588 127.0 188
286.4795 127.0 188
287.1057 127.0 188
287.7155 128.0 188
288.3417 128.0 188
288.9679 128.0 188
289.5886 129.0 188
290.1984 129.0 188
290.8246 130.0 188
291.4508 130.0 188
292.0770 131.0 188
292.6868 131.0 188
293.3075 132.0 188
293.9337 132.0 188
294.5599 133.0 188
295.1697 134.0 188
295.7959 135.0 188
296.4166 136.0 188
297.0428 137.0 188
297.6526 138.0 188
298.2788 139.0 188
298.9050 140.0 188
299.5313 141.0 188
300.1520 142.0 188
300.7782 143.0 188
301.4044 144.0 188
302.0306 146.0 188
302.6514 147.0 188
303.2776 147.0 188
303.9038 149.0 188
306.4032 153.0 188
312.0282 133.0 188
312.6544 131.0 188
313.2806 130.0 188
313.9014 129.0 188
314.5276 128.0 188
315.1538 127.0 188
315.7800 126.0 188
316.4063 126.0 188
317.0270 125.0 188
317.6532 124.0 188
318.2794 124.0 188
318.9056 124.0 188
319.5264 123.0 188
320.1361 123.0 188
320.7623 123.0 188
321.3885 122.0 188
322.0148 123.0 188
322.6355 122.0 188
323.2617 122.0 188
323.8715 121.0 188
324.4977 121.0 188
325.1239 120.0 188
325.7446 121.0 188
326.3708 120.0 188
326.9971 120.0 188
