#RPLIDAR SCAN DATA
#COUNT=530
#Angule	Distance	Quality
357.6874 266.0 188
358.8574 266.0 188
358.6377 266.0 188
359.1870 266.0 188
0.0934 266.0 188
1.3733 266.0 188
1.5436 266.0 188
2.7026 266.0 188
2.3566 266.0 188
3.0267 267.0 188
4.1858 267.0 188
4.6088 267.0 188
6.1359 267.0 188
5.9216 268.0 188
7.5916 268.0 188
7.3718 269.0 188
7.9047 269.0 188
9.0747 271.0 188
8.9813 271.0 188
9.6405 271.0 188
11.1841 272.0 188
11.5906 272.0 188
11.6235 273.0 188
12.6672 274.0 188
12.9529 275.0 188
13.7329 275.0 188
14.2767 276.0 188
14.9359 277.0 188
15.8423 278.0 188
16.1389 280.0 188
17.0453 280.0 188
17.8253 282.0 188
18.3746 283.0 188
19.1547 285.0 188
19.4348 286.0 188
20.7312 286.0 188
20.6378 289.0 188
21.1707 290.0 188
22.7142 291.0 188
22.5000 293.0 188
23.4009 294.0 188
24.2029 296.0 188
24.8566 297.0 188
25.6531 300.0 188
25.9332 302.0 188
26.7297 304.0 188
27.5153 305.0 188
27.5592 307.0 188
28.2184 310.0 188
28.7622 311.0 188
30.1685 313.0 188
30.4651 314.0 188
31.2451 318.0 188
31.7944 320.0 188
32.7008 317.0 188
32.8711 323.0 188
33.2776 339.0 188
36.4032 302.0 188
37.9797 290.0 188
38.4027 285.0 188
38.6829 279.0 188
39.8584 275.0 188
40.8856 270.0 188
41.9348 266.0 188
42.0886 262.0 188
42.7643 257.0 188
44.0442 253.0 188
45.4669 250.0 188
46.7468 246.0 188
46.5436 242.0 188
46.8237 239.0 188
48.1201 236.0 188
48.5431 233.0 188
48.8232 230.0 188
49.7296 227.0 188
51.4050 225.0 188
52.0587 222.0 188
52.6080 220.0 188
53.3881 218.0 188
53.5419 216.0 188
53.9648 213.0 188
55.3711 211.0 188
56.0468 209.0 188
56.7004 207.0 188
57.3541 205.0 188
58.0298 203.0 188
58.6835 201.0 188
59.3591 200.0 188
60.0128 198.0 188
60.6665 196.0 188
61.3422 195.0 188
61.9958 194.0 188
62.6715 192.0 188
63.0780 191.0 188
63.9844 190.0 188
64.6545 189.0 188
65.3082 188.0 188
65.9839 186.0 188
66.6376 186.0 188
67.2968 185.0 188
67.9669 183.0 188
68.6206 183.0 188
69.2963 182.0 188
69.9500 181.0 188
70.6201 180.0 188
71.2793 179.0 188
71.9330 179.0 188
72.5922 178.0 188
73.2623 178.0 188
73.9215 177.0 188
74.5752 176.0 188
75.2344 175.0 188
75.9045 175.0 188
76.5582 174.0 188
77.2174 174.0 188
77.8876 174.0 188
78.5468 173.0 188
79.2004 173.0 188
79.8541 172.0 188
80.7770 172.0 188
81.4362 172.0 188
82.0898 171.0 188
82.7655 171.0 188
83.4192 171.0 188
84.0729 170.0 188
84.7321 170.0 188
85.4022 170.0 188
86.0614 170.0 188
86.7151 170.0 188
87.3853 170.0 188
88.0444 170.0 188
88.6981 170.0 188
89.3573 169.0 188
90.0275 170.0 188
90.6866 169.0 188
91.3403 170.0 188
92.0105 170.0 188
92.6697 170.0 188
93.3234 170.0 188
93.9825 170.0 188
94.6527 170.0 188
95.3119 171.0 188
95.9656 171.0 188
96.6248 171.0 188
97.2949 171.0 188
97.9486 172.0 188
98.6078 172.0 188
99.0308 172.0 188
99.6844 173.0 188
100.3436 173.0 188
100.9973 173.0 188
101.6675 174.0 188
102.3267 174.0 188
102.9803 174.0 188
103.6560 176.0 188
104.3097 176.0 188
104.9634 176.0 188
105.6226 177.0 188
106.2927 177.0 188
106.9519 178.0 188
107.6056 178.0 188
108.2813 179.0 188
108.9349 180.0 188
109.5886 181.0 188
110.2478 182.0 188
110.9180 182.0 188
111.5771 183.0 188
112.2308 184.0 188
112.9010 185.0 188
113.5602 186.0 188
114.2139 187.0 188
114.8895 188.0 188
115.5432 189.0 188
116.2134 190.0 188
116.8726 191.0 188
117.5427 192.0 188
118.2019 194.0 188
118.8721 194.0 188
119.5313 196.0 188
120.2014 197.0 188
120.8551 198.0 188
120.7782 200.0 188
122.1844 201.0 188
121.9812 203.0 188
123.5138 204.0 188
123.4204 206.0 188
124.8431 207.0 188
124.3707 209.0 188
126.1670 211.0 188
126.8262 213.0 188
127.4963 215.0 188
128.1555 216.0 188
128.3258 218.0 188
128.2324 221.0 188
130.1550 222.0 188
129.6826 224.0 188
131.4844 227.0 188
132.1381 229.0 188
131.3086 231.0 188
133.4674 233.0 188
132.1381 236.0 188
134.7968 238.0 188
134.5770 241.0 188
134.6210 244.0 188
134.6539 247.0 188
135.3076 250.0 188
136.7303 252.0 188
136.5106 256.0 188
137.1863 259.0 188
137.5928 262.0 188
138.2465 265.0 188
140.0427 269.0 188
139.4495 273.0 188
140.3558 276.0 188
141.6522 280.0 188
141.3116 284.0 188
142.6080 288.0 188
142.5146 292.0 188
143.1683 296.0 188
144.3384 301.0 188
144.7449 306.0 188
145.2777 311.0 188
145.5743 315.0 188
146.3544 321.0 188
146.7773 325.0 188
147.5574 330.0 188
150.4962 326.0 188
151.5289 324.0 188
152.0728 322.0 188
153.1055 320.0 188
153.7646 318.0 188
154.5612 316.0 188
155.2148 314.0 188
155.6378 311.0 188
156.5442 309.0 188
157.4670 306.0 188
157.7472 306.0 188
158.6700 304.0 188
159.2029 302.0 188
159.7467 301.0 188
160.4059 299.0 188
161.5759 298.0 188
161.9824 297.0 188
162.1527 295.0 188
163.1854 293.0 188
163.8391 293.0 188
164.7620 292.0 188
165.4211 291.0 188
165.5914 290.0 188
166.3715 289.0 188
166.9208 288.0 188
168.3270 287.0 188
169.1235 286.0 188
169.1510 285.0 188
169.7003 285.0 188
171.1066 284.0 188
171.9031 283.0 188
172.0624 283.0 188
172.6062 283.0 188
173.5126 282.0 188
174.1827 282.0 188
174.4684 282.0 188
175.8746 281.0 188
176.5283 281.0 188
176.6986 280.0 188
177.8577 280.0 188
178.3905 280.0 188
178.5443 280.0 188
179.3408 280.0 188
180.2472 279.0 188
180.7800 279.0 188
182.0764 280.0 188
182.1094 280.0 188
183.2629 281.0 188
183.4167 280.0 188
184.7186 280.0 188
185.3723 282.0 188
185.9052 282.0 188
186.2018 282.0 188
186.2292 282.0 188
187.7618 283.0 188
187.6685 283.0 188
188.3386 283.0 188
189.3713 284.0 188
190.0305 285.0 188
190.9479 285.0 188
191.4807 286.0 188
191.7609 287.0 188
192.0465 288.0 188
193.3429 288.0 188
193.9966 290.0 188
194.7766 291.0 188
195.0732 292.0 188
195.9796 292.0 188
196.2653 293.0 188
196.6718 295.0 188
198.0890 295.0 188
197.8748 297.0 188
198.7811 298.0 188
199.5612 299.0 188
200.6049 301.0 188
200.5115 302.0 188
201.4178 304.0 188
201.8408 305.0 188
202.5000 308.0 188
203.4009 309.0 188
203.8074 311.0 188
204.4830 312.0 188
205.3894 314.0 188
206.2958 316.0 188
206.4661 318.0 188
206.7462 321.0 188
207.7789 323.0 188
208.4326 325.0 188
209.3555 327.0 188
209.3884 329.0 188
209.9213 332.0 188
211.0913 333.0 188
211.3715 324.0 188
212.1515 339.0 188
212.6843 332.0 188
216.2494 300.0 188
217.5458 295.0 188
217.8424 290.0 188
218.8861 285.0 188
220.4187 279.0 188
220.5890 275.0 188
221.2646 270.0 188
222.8082 266.0 188
223.4674 262.0 188
223.2642 259.0 188
225.0604 255.0 188
225.6042 251.0 188
225.5109 248.0 188
228.1860 245.0 188
227.8564 241.0 188
229.5264 238.0 188
230.1855 235.0 188
230.8557 232.0 188
231.0260 230.0 188
232.4487 227.0 188
231.2292 224.0 188
233.5309 222.0 188
233.2013 220.0 188
234.8712 218.0 188
235.5304 216.0 188
234.9481 213.0 188
235.6238 213.0 188
237.5464 201.0 188
238.2001 200.0 188
238.8702 200.0 188
238.6670 203.0 188
240.2161 203.0 188
240.8698 201.0 188
241.5289 199.0 188
242.1991 198.0 188
242.2321 196.0 188
243.1549 195.0 188
244.1821 194.0 188
244.8578 193.0 188
245.5115 191.0 188
246.1871 191.0 188
246.8408 190.0 188
247.5110 189.0 188
248.1702 187.0 188
248.8403 186.0 188
249.4995 186.0 188
250.1697 185.0 188
250.8234 184.0 188
251.4825 183.0 188
252.1527 182.0 188
252.8119 182.0 188
253.4821 181.0 188
254.1357 180.0 188
254.8114 180.0 188
255.4651 179.0 188
256.1353 179.0 188
256.7944 178.0 188
257.4646 178.0 188
258.1238 177.0 188
258.7939 177.0 188
259.4531 177.0 188
260.1233 176.0 188
261.0297 176.0 188
261.4526 175.0 188
262.1063 175.0 188
262.7655 175.0 188
263.4192 175.0 188
264.0894 174.0 188
264.7485 174.0 188
265.4022 174.0 188
266.0614 174.0 188
266.9843 174.0 188
267.3853 173.0 188
268.0444 174.0 188
268.6981 174.0 188
269.3738 173.0 188
270.0275 174.0 188
270.6866 173.0 188
271.3403 174.0 188
272.0105 174.0 188
272.6697 174.0 188
273.3234 174.0 188
273.9825 174.0 188
274.6527 174.0 188
275.3119 174.0 188
275.9656 175.0 188
276.6248 175.0 188
277.2949 175.0 188
277.9486 175.0 188
278.6078 176.0 188
279.2615 176.0 188
279.9371 176.0 188
280.5908 177.0 188
281.2500 177.0 188
281.9037 178.0 188
282.5739 178.0 188
283.2330 179.0 188
284.1394 179.0 188
284.5459 179.0 188
285.2161 180.0 188
285.8698 181.0 188
286.5289 181.0 188
287.1826 182.0 188
287.8583 183.0 188
288.5120 183.0 188
289.1711 184.0 188
289.8413 185.0 188
290.4950 186.0 188
291.1542 187.0 188
291.8079 188.0 188
292.4835 188.0 188
293.1372 189.0 188
293.7964 190.0 188
294.4666 191.0 188
295.1202 192.0 188
295.7794 193.0 188
296.4331 194.0 188
297.1088 195.0 188
297.7625 196.0 188
298.4216 197.0 188
299.0918 199.0 188
299.4983 200.0 188
300.4047 201.0 188
301.3110 203.0 188
300.9814 204.0 188
301.8878 206.0 188
303.0469 207.0 188
303.7170 209.0 188
304.3707 210.0 188
304.2938 212.0 188
304.9530 214.0 188
305.4968 216.0 188
306.7767 217.0 188
306.3263 220.0 188
308.3588 221.0 188
309.0289 223.0 188
308.4357 225.0 188
308.7323 227.0 188
310.1385 229.0 188
309.9353 232.0 188
312.3413 234.0 188
313.0115 236.0 188
313.2916 239.0 188
313.3411 241.0 188
313.7640 244.0 188
315.1703 247.0 188
315.5933 250.0 188
314.7473 253.0 188
316.4172 256.0 188
316.4502 258.0 188
317.4994 262.0 188
317.5269 265.0 188
317.9498 268.0 188
318.8562 272.0 188
319.4055 275.0 188
319.4330 280.0 188
320.3558 282.0 188
320.8887 287.0 188
322.0587 291.0 188
322.4817 296.0 188
322.8882 300.0 188
323.9374 304.0 188
324.2175 308.0 188
324.5142 313.0 188
325.5469 317.0 188
325.8435 312.0 188
326.3708 325.0 188
327.2937 327.0 188
328.2495 318.0 188
329.5734 313.0 188
330.4797 310.0 188
331.1554 309.0 188
331.6827 308.0 188
332.8583 304.0 188
333.8855 302.0 188
334.5612 300.0 188
334.7150 298.0 188
335.8905 296.0 188
336.0443 294.0 188
336.4673 293.0 188
337.2473 291.0 188
338.0438 290.0 188
338.8239 288.0 188
339.6204 287.0 188
340.1532 286.0 188
341.3232 283.0 188
341.9824 282.0 188
342.9053 281.0 188
342.9327 280.0 188
343.3557 278.0 188
344.3884 278.0 188
344.6686 276.0 188
345.9650 276.0 188
346.8713 274.0 188
347.5415 274.0 188
348.5742 273.0 188
349.2499 273.0 188
349.5300 272.0 188
350.1837 271.0 188
350.2332 271.0 188
351.5131 270.0 188
351.5625 269.0 188
352.3425 269.0 188
353.6389 267.0 188
354.4189 268.0 188
354.7156 267.0 188
355.7483 267.0 188
355.9021 267.0 188
357.1985 266.0 188
