#RPLIDAR SCAN DATA
#COUNT=503
#Angule	Distance	Quality
352.9028 1224.0 188
353.5126 1224.0 188
354.1388 1223.0 188
354.7485 1229.0 188
355.3583 1225.0 188
355.9790 1229.0 188
356.5887 1230.0 188
357.1985 1225.0 188
357.8082 1225.0 188
358.4344 1230.0 188
359.0442 1231.0 188
359.6539 1225.0 188
0.2802 1223.0 188
0.8899 1226.0 188
1.4996 1239.0 188
2.1204 1225.0 188
2.7301 1226.0 188
3.3398 1241.0 188
3.9661 1244.0 188
4.4495 1236.0 188
5.1855 1230.0 188
5.8118 1254.0 188
7.6520 1244.0 188
8.2617 1242.0 188
10.5908 1270.0 188
11.9531 1275.0 188
12.5574 1276.0 188
14.2767 1276.0 188
15.0293 1238.0 188
15.6390 1182.0 188
16.2488 1231.0 188
16.8750 1228.0 188
17.4792 1232.0 188
18.0890 1230.0 188
18.7152 1238.0 188
19.3250 1256.0 188
19.9512 1280.0 188
20.5609 1259.0 188
21.1871 1288.0 188
22.4341 1213.0 188
23.0603 1184.0 188
23.6700 1159.0 188
25.0433 1128.0 188
25.6696 1135.0 188
26.2958 1138.0 188
26.9055 1149.0 188
27.4054 1161.0 188
28.7787 1119.0 188
29.4049 1094.0 188
30.0311 1082.0 188
30.6354 1081.0 188
31.3879 1091.0 188
31.8878 1093.0 188
32.5140 1099.0 188
33.1403 1080.0 188
33.7500 1064.0 188
34.3707 1050.0 188
35.1233 1030.0 188
35.7495 1018.0 188
36.3702 1003.0 188
36.9800 992.0 188
37.7325 974.0 188
38.3588 963.0 188
38.8586 951.0 188
39.6057 942.0 188
40.2319 930.0 188
40.8417 917.0 188
41.4679 905.0 188
42.0886 897.0 188
42.7148 887.0 188
43.4674 876.0 188
44.0936 869.0 188
44.7144 857.0 188
45.4669 849.0 188
45.9503 840.0 188
46.5765 832.0 188
47.2028 826.0 188
47.8235 821.0 188
48.4497 813.0 188
49.2023 803.0 188
49.8230 798.0 188
50.4492 790.0 188
51.1853 784.0 188
51.8115 780.0 188
52.4323 774.0 188
52.9321 767.0 188
53.6847 762.0 188
54.1846 759.0 188
54.9371 752.0 188
55.4370 748.0 188
56.1676 743.0 188
56.7938 736.0 188
57.4200 731.0 188
58.0463 727.0 188
58.6670 723.0 188
59.4196 718.0 188
60.0458 714.0 188
60.6665 711.0 188
61.2762 707.0 188
61.7761 703.0 188
62.6550 700.0 188
63.2813 698.0 188
63.7811 694.0 188
64.5282 691.0 188
65.0116 687.0 188
65.7642 684.0 188
66.3904 681.0 188
66.8903 679.0 188
67.5110 676.0 188
68.1372 675.0 188
68.8733 671.0 188
69.4995 669.0 188
70.2466 667.0 188
70.7465 663.0 188
71.2463 662.0 188
71.9989 659.0 188
72.6196 659.0 188
73.3557 657.0 188
73.9819 654.0 188
74.4818 653.0 188
75.1080 651.0 188
75.6079 651.0 188
76.4813 650.0 188
77.0911 649.0 188
77.7173 647.0 188
78.3435 646.0 188
78.8434 645.0 188
79.5905 645.0 188
80.2167 644.0 188
80.8429 643.0 188
81.4526 642.0 188
82.0734 642.0 188
82.6996 641.0 188
83.1995 641.0 188
83.8257 640.0 188
84.5728 639.0 188
85.1990 639.0 188
85.8252 639.0 188
86.3086 639.0 188
86.9348 639.0 188
87.6874 639.0 188
88.1873 639.0 188
88.8080 637.0 188
89.4342 639.0 188
90.0604 640.0 188
90.8075 641.0 188
91.2964 641.0 188
92.0435 641.0 188
92.5433 643.0 188
93.1696 645.0 188
93.7958 644.0 188
94.5428 646.0 188
95.0427 646.0 188
95.7953 647.0 188
96.4050 647.0 188
96.9049 648.0 188
97.5311 651.0 188
98.2782 651.0 188
98.9044 653.0 188
99.2780 655.0 188
100.0305 657.0 188
100.6512 657.0 188
101.2610 660.0 188
101.7609 662.0 188
102.5134 665.0 188
103.0133 667.0 188
103.7604 668.0 188
104.3866 669.0 188
104.8865 674.0 188
105.6390 675.0 188
106.1389 679.0 188
106.7651 680.0 188
107.5122 682.0 188
108.0121 684.0 188
108.6383 688.0 188
109.2645 692.0 188
109.8853 696.0 188
110.5115 698.0 188
111.1212 701.0 188
111.7474 704.0 188
112.2473 708.0 188
112.8735 712.0 188
113.6206 715.0 188
114.2468 719.0 188
114.8730 722.0 188
115.4993 727.0 188
115.9991 731.0 188
116.7462 734.0 188
117.2461 740.0 188
117.9987 745.0 188
118.3722 749.0 188
119.1248 753.0 188
119.7455 759.0 188
120.2454 764.0 188
120.9814 768.0 188
121.4813 775.0 188
122.0911 782.0 188
122.7173 786.0 188
123.3270 792.0 188
123.9478 797.0 188
124.5740 803.0 188
125.1837 812.0 188
125.8099 819.0 188
126.4197 825.0 188
127.0459 831.0 188
127.5458 839.0 188
128.1555 846.0 188
128.7762 855.0 188
129.3860 864.0 188
129.8859 872.0 188
130.5121 881.0 188
131.2482 891.0 188
131.8744 899.0 188
132.3578 909.0 188
132.9840 918.0 188
133.6047 930.0 188
134.0936 942.0 188
134.7144 951.0 188
135.3241 962.0 188
135.9503 972.0 188
136.5765 990.0 188
137.1863 1000.0 188
137.8125 1013.0 188
138.4167 1024.0 188
138.9166 1040.0 188
139.5428 1056.0 188
140.1526 1065.0 188
140.7788 1086.0 188
141.3885 1102.0 188
142.0148 1116.0 188
142.6245 1134.0 188
143.2452 1150.0 188
143.7341 1172.0 188
144.3549 1190.0 188
144.9811 1209.0 188
145.5908 1229.0 188
146.0907 1251.0 188
146.8268 1271.0 188
147.3267 1297.0 188
147.9364 1321.0 188
148.5571 1340.0 188
149.1833 1371.0 188
149.7931 1391.0 188
150.4193 1420.0 188
151.0291 1445.0 188
151.5289 1482.0 188
152.1387 1514.0 188
152.7649 1544.0 188
153.3746 1579.0 188
153.9954 1620.0 188
154.6216 1655.0 188
155.1050 1706.0 188
155.7312 1744.0 188
156.3409 1789.0 188
156.9672 1841.0 188
157.5769 1889.0 188
158.2031 1940.0 188
158.7030 1971.0 188
159.3073 1966.0 188
159.9335 1954.0 188
160.5432 1951.0 188
161.1694 1937.0 188
161.9055 1935.0 188
162.5262 1929.0 188
163.1525 1919.0 188
163.7622 1914.0 188
164.3884 1914.0 188
164.9982 1909.0 188
165.4980 1901.0 188
166.1243 1904.0 188
166.8549 1823.0 188
167.4811 1823.0 188
168.5907 1885.0 188
169.3433 1874.0 188
169.8267 1878.0 188
170.4529 1877.0 188
171.0571 1878.0 188
171.8097 1878.0 188
172.4359 1870.0 188
173.0457 1867.0 188
173.6719 1857.0 188
174.2761 1869.0 188
174.9023 1860.0 188
175.5286 1857.0 188
176.0120 1865.0 188
176.7645 1858.0 188
177.3743 1853.0 188
177.9950 1853.0 188
178.6212 1851.0 188
179.2310 1844.0 188
179.8407 1808.0 188
180.4669 1757.0 188
181.0767 1721.0 188
181.6864 1715.0 188
182.3071 1716.0 188
182.9169 1717.0 188
183.5431 1704.0 188
184.1528 1720.0 188
184.7626 1727.0 188
185.3888 1725.0 188
185.9985 1737.0 188
186.6083 1732.0 188
187.2290 1732.0 188
187.8387 1734.0 188
188.4650 1735.0 188
189.0747 1745.0 188
189.6844 1749.0 188
190.3107 1750.0 188
190.9204 1758.0 188
191.5302 1755.0 188
192.1509 1756.0 188
192.7606 1773.0 188
193.3868 1778.0 188
193.9966 1780.0 188
194.6063 1783.0 188
195.2325 1790.0 188
195.8423 1797.0 188
196.4520 1813.0 188
197.0728 1811.0 188
197.6825 1815.0 188
198.3087 1820.0 188
198.9185 1828.0 188
199.5282 1832.0 188
200.1544 1846.0 188
200.6378 1846.0 188
201.3904 1853.0 188
201.9946 1862.0 188
202.6208 1871.0 188
203.2306 1877.0 188
203.8568 1890.0 188
204.4666 1895.0 188
205.0928 1906.0 188
205.5762 1911.0 188
206.2024 1927.0 188
206.9330 1933.0 188
207.5592 1942.0 188
208.1689 1962.0 188
208.6523 1969.0 188
209.2786 1971.0 188
209.8883 2002.0 188
210.5145 2006.0 188
211.1243 2034.0 188
211.7450 2046.0 188
212.3547 2056.0 188
212.9810 2067.0 188
213.5907 2092.0 188
214.2169 2100.0 188
214.8267 2110.0 188
215.4529 2142.0 188
216.0571 2144.0 188
216.6833 2167.0 188
217.2931 2185.0 188
217.9193 2210.0 188
218.5291 2219.0 188
219.1553 2320.0 188
219.6387 2479.0 188
221.1218 10603.0 188
221.7316 10754.0 188
223.5938 7415.0 188
224.1980 11628.0 188
229.2792 5783.0 188
229.8889 5552.0 188
230.5151 5508.0 188
231.1249 5491.0 188
231.7456 5407.0 188
232.3553 5398.0 188
232.9816 5365.0 188
233.5913 5325.0 188
234.2175 5320.0 188
234.8273 5225.0 188
235.4480 5194.0 188
236.0577 5173.0 188
236.6840 5118.0 188
237.3102 5123.0 188
237.9199 5091.0 188
238.5461 5128.0 188
239.1559 5091.0 188
239.7766 5243.0 188
240.2655 8753.0 188
241.0126 5689.0 188
241.6223 5614.0 188
242.2485 4763.0 188
242.8583 4573.0 188
243.4790 4561.0 188
244.0887 4552.0 188
244.7150 4581.0 188
245.3247 5052.0 188
245.9509 5128.0 188
246.5607 5156.0 188
247.1869 5123.0 188
247.7966 5123.0 188
248.4174 5136.0 188
249.5270 8010.0 188
251.9989 7920.0 188
252.6086 7867.0 188
253.2294 8432.0 188
253.9655 4901.0 188
254.5917 4917.0 188
255.2014 4892.0 188
255.8276 4869.0 188
256.4374 5057.0 188
257.5415 11305.0 188
258.1512 11341.0 188
258.7610 11390.0 188
259.3707 11378.0 188
259.9969 11317.0 188
260.6067 11366.0 188
261.2164 11305.0 188
261.8262 11354.0 188
262.4359 11403.0 188
263.1830 4199.0 188
263.7927 4217.0 188
264.4025 4217.0 188
265.0122 4227.0 188
265.6384 4186.0 188
266.2482 4199.0 188
266.8579 4226.0 188
268.5773 11162.0 188
269.1870 11221.0 188
269.7968 11233.0 188
270.4010 11293.0 188
271.0272 11269.0 188
271.6370 11341.0 188
272.2467 11174.0 188
272.8564 11329.0 188
274.0924 9585.0 188
274.7021 8280.0 188
275.3119 7956.0 188
276.2952 2464.0 188
276.9214 2408.0 188
277.5311 2344.0 188
278.2617 2300.0 188
278.8715 2252.0 188
279.4977 2203.0 188
280.1074 2171.0 188
280.7172 2126.0 188
281.3269 2083.0 188
281.9531 2046.0 188
282.5574 2012.0 188
283.1671 1964.0 188
283.7933 1934.0 188
284.5294 1905.0 188
285.1392 1869.0 188
285.7489 1865.0 188
286.6058 3021.0 188
287.2156 2952.0 188
288.0890 2118.0 188
288.6987 2070.0 188
289.3085 2027.0 188
289.9182 1983.0 188
290.5444 1948.0 188
291.1542 1911.0 188
291.8903 1882.0 188
292.5110 1855.0 188
293.1207 1812.0 188
293.7305 1786.0 188
294.3402 1759.0 188
294.9664 1727.0 188
295.5762 1696.0 188
296.3123 1676.0 188
296.8121 1654.0 188
297.5427 1627.0 188
298.1525 1606.0 188
298.7787 1578.0 188
299.3884 1554.0 188
300.0146 1539.0 188
300.6244 1553.0 188
301.1243 1941.0 188
301.6077 1905.0 188
302.3438 1875.0 188
302.9645 1841.0 188
303.5742 1809.0 188
304.2004 1789.0 188
304.9365 1601.0 188
305.6836 1456.0 188
306.1670 1537.0 188
306.9196 1419.0 188
307.4030 1532.0 188
308.0127 1526.0 188
308.6389 1503.0 188
309.2487 1494.0 188
309.9957 1472.0 188
310.4791 1453.0 188
311.2317 1438.0 188
311.8414 1428.0 188
312.4512 1434.0 188
312.9510 1454.0 188
313.5608 1471.0 188
314.1870 1494.0 188
314.7968 1506.0 188
315.4175 1528.0 188
316.0272 1532.0 188
316.6534 1509.0 188
317.2632 1492.0 188
317.8729 1484.0 188
318.4827 1483.0 188
319.0924 1479.0 188
319.8230 1353.0 188
320.3229 1483.0 188
320.9326 1490.0 188
351.2164 1234.0 188
351.8262 1231.0 188
352.4359 1234.0 188
