#RPLIDAR SCAN DATA
#COUNT=509
#Angule	Distance	Quality
356.5283 336.0 188
357.0282 336.0 188
357.3853 335.0 188
357.8906 335.0 188
358.9948 335.0 188
359.4946 334.0 188
359.8737 334.0 188
0.9833 334.0 188
1.3568 334.0 188
1.8402 334.0 188
2.7136 334.0 188
2.8235 334.0 188
3.7024 334.0 188
4.3231 334.0 188
4.6857 334.0 188
5.9326 334.0 188
6.1688 334.0 188
6.7950 334.0 188
7.4213 335.0 188
8.0310 335.0 188
8.4045 336.0 188
8.8879 336.0 188
10.2612 336.0 188
10.3876 337.0 188
10.9973 338.0 188
11.7499 339.0 188
11.9806 339.0 188
12.8540 340.0 188
13.7329 341.0 188
14.0900 341.0 188
14.7162 342.0 188
15.5731 342.0 188
16.3257 343.0 188
16.4520 344.0 188
17.0618 345.0 188
17.9352 346.0 188
18.5449 347.0 188
18.7921 348.0 188
19.6710 349.0 188
20.0281 351.0 188
20.7806 352.0 188
21.5277 353.0 188
21.9012 354.0 188
22.5275 356.0 188
23.2800 357.0 188
23.7634 359.0 188
24.6368 361.0 188
24.8895 362.0 188
25.3894 363.0 188
26.2628 365.0 188
26.8890 367.0 188
27.2461 368.0 188
28.1250 370.0 188
28.6249 372.0 188
29.2456 374.0 188
29.7455 376.0 188
30.3717 378.0 188
30.9979 380.0 188
31.6077 383.0 188
32.1075 385.0 188
32.8546 387.0 188
33.3545 389.0 188
34.1071 392.0 188
34.8541 394.0 188
35.0903 397.0 188
35.7166 400.0 188
36.3428 402.0 188
37.2162 404.0 188
37.7161 408.0 188
38.4686 411.0 188
38.8422 414.0 188
39.5728 417.0 188
39.8254 421.0 188
40.8252 424.0 188
41.3251 426.0 188
41.8085 436.0 188
42.4347 431.0 188
43.0609 435.0 188
43.6871 439.0 188
44.1705 444.0 188
44.6704 447.0 188
45.4175 451.0 188
46.1700 457.0 188
46.5271 462.0 188
47.1533 467.0 188
47.6532 472.0 188
48.4058 476.0 188
48.8892 481.0 188
49.3890 487.0 188
50.1361 491.0 188
50.6360 498.0 188
51.2457 503.0 188
51.9983 509.0 188
52.2455 515.0 188
53.1244 521.0 188
53.6078 528.0 188
54.2340 534.0 188
54.6075 541.0 188
55.3546 548.0 188
55.8435 556.0 188
56.5906 564.0 188
56.9641 569.0 188
57.5903 578.0 188
58.2001 586.0 188
58.8263 594.0 188
59.4525 605.0 188
59.9524 615.0 188
60.5731 624.0 188
61.1993 634.0 188
61.8091 644.0 188
62.3090 656.0 188
62.8088 665.0 188
63.4351 678.0 188
64.0613 690.0 188
64.6875 703.0 188
65.1709 717.0 188
65.7916 731.0 188
66.4178 745.0 188
67.0441 761.0 188
67.5439 776.0 188
68.2965 794.0 188
68.7964 811.0 188
69.2798 830.0 188
69.9060 849.0 188
70.4059 871.0 188
71.0266 896.0 188
71.7792 919.0 188
72.2791 946.0 188
72.8888 968.0 188
73.3887 1000.0 188
74.0149 1027.0 188
74.5148 1062.0 188
75.1355 1095.0 188
75.7617 1138.0 188
76.2616 1172.0 188
76.8713 1216.0 188
77.3712 1260.0 188
77.9974 1307.0 188
78.6237 1355.0 188
79.2334 1408.0 188
79.8541 1469.0 188
80.3540 1538.0 188
80.9802 1613.0 188
81.4801 1685.0 188
82.0898 1771.0 188
82.7161 1868.0 188
83.2159 1965.0 188
83.8422 2104.0 188
84.4519 2232.0 188
84.9518 2388.0 188
85.5780 2592.0 188
86.1987 2798.0 188
86.6986 3048.0 188
87.3083 3374.0 188
87.9346 3709.0 188
88.4344 4137.0 188
89.0607 4661.0 188
90.1703 6808.0 188
90.7965 6704.0 188
91.4172 6782.0 188
92.0435 6743.0 188
93.2794 6717.0 188
93.9056 7007.0 188
94.5264 7640.0 188
95.1526 7645.0 188
95.7623 7735.0 188
96.3885 7775.0 188
96.9983 7746.0 188
97.6245 7467.0 188
98.2452 7125.0 188
98.8550 7193.0 188
99.4812 7494.0 188
100.1074 7569.0 188
100.7172 7815.0 188
101.3434 7821.0 188
101.9531 7850.0 188
102.5739 7798.0 188
103.2001 7861.0 188
103.8098 7873.0 188
104.4360 7826.0 188
105.0623 7879.0 188
105.6665 7885.0 188
106.2927 7920.0 188
107.6550 4714.0 188
108.2813 4748.0 188
108.8855 4812.0 188
109.5117 4825.0 188
110.1379 4858.0 188
110.7477 4865.0 188
111.3739 4872.0 188
111.9836 4923.0 188
112.4835 8078.0 188
113.1042 8190.0 188
113.7140 8184.0 188
114.3402 8228.0 188
114.9664 8184.0 188
115.5762 8177.0 188
116.2024 8053.0 188
116.8121 7775.0 188
117.4329 7569.0 188
118.0591 7420.0 188
118.6688 7287.0 188
119.2950 6997.0 188
119.9213 6993.0 188
120.5310 6843.0 188
121.1517 6782.0 188
121.7780 6575.0 188
122.3877 6474.0 188
123.0139 6388.0 188
123.6401 6289.0 188
124.2499 8818.0 188
124.8706 8885.0 188
125.4968 8953.0 188
126.1066 9076.0 188
126.7328 9194.0 188
127.3590 9107.0 188
127.9688 9258.0 188
128.5895 9332.0 188
129.2157 9406.0 188
129.8254 9708.0 188
130.4517 9726.0 188
131.0779 9735.0 188
131.6821 9881.0 188
132.3083 9881.0 188
132.9346 9993.0 188
133.5443 9390.0 188
134.1705 9516.0 188
136.7798 4507.0 188
137.4060 4473.0 188
138.0103 4444.0 188
138.6365 4387.0 188
139.2627 4342.0 188
139.8889 4302.0 188
140.4987 4263.0 188
141.1249 4221.0 188
141.7456 4201.0 188
142.3718 4165.0 188
142.9816 4125.0 188
143.6078 4090.0 188
144.2340 4065.0 188
144.8547 4016.0 188
145.4645 3989.0 188
146.0907 3961.0 188
146.8433 3928.0 188
147.4640 3883.0 188
147.9529 3861.0 188
148.7000 3833.0 188
149.3262 3750.0 188
149.9524 3774.0 188
150.5621 3755.0 188
151.1829 3732.0 188
151.8091 3704.0 188
152.4353 3669.0 188
153.0450 3664.0 188
153.6713 3648.0 188
154.2920 3628.0 188
154.9182 3601.0 188
155.5280 3582.0 188
156.1542 3549.0 188
156.7804 3535.0 188
157.3901 3522.0 188
158.0109 3504.0 188
158.6371 3492.0 188
159.2633 3487.0 188
159.8730 3475.0 188
160.4993 3443.0 188
161.1200 3407.0 188
161.7297 3395.0 188
162.3560 3395.0 188
162.9822 3372.0 188
163.6084 3365.0 188
164.2181 3358.0 188
164.8389 3324.0 188
165.4651 3322.0 188
166.0748 3308.0 188
166.7010 3301.0 188
167.3273 3296.0 188
167.9480 3267.0 188
168.5577 3263.0 188
169.1840 3256.0 188
169.8102 3256.0 188
170.4199 3246.0 188
171.0461 3237.0 188
171.6669 3239.0 188
172.2931 3231.0 188
172.9028 3208.0 188
173.5291 3197.0 188
174.1553 3204.0 188
174.7760 3199.0 188
175.3857 3202.0 188
176.0120 3187.0 188
176.6382 3182.0 188
177.2644 3174.0 188
177.8906 3176.0 188
178.5114 3185.0 188
179.1376 3181.0 188
179.7638 3172.0 188
180.3900 3166.0 188
181.0107 3184.0 188
181.6370 3154.0 188
182.2632 3165.0 188
182.8894 3088.0 188
183.5156 3192.0 188
184.1364 3174.0 188
184.7626 3174.0 188
185.3723 3171.0 188
185.9985 3163.0 188
186.6248 3155.0 188
187.2455 3169.0 188
187.8717 3181.0 188
188.4979 3188.0 188
189.1241 3215.0 188
189.7449 3213.0 188
190.3711 3222.0 188
190.9973 3219.0 188
191.6235 3224.0 188
192.2498 3225.0 188
192.8705 3215.0 188
193.4967 3237.0 188
194.1229 3244.0 188
194.7491 3233.0 188
196.3586 6791.0 188
200.1984 4890.0 188
200.8081 5045.0 188
201.4343 5004.0 188
202.0605 4898.0 188
202.6703 4983.0 188
204.5435 4874.0 188
207.1362 3450.0 188
207.7625 3371.0 188
208.3887 3103.0 188
208.9984 3386.0 188
209.6246 3416.0 188
210.2454 3402.0 188
210.8551 3378.0 188
211.4813 3417.0 188
212.1075 3323.0 188
212.7173 3264.0 188
213.3435 3193.0 188
213.9642 3139.0 188
214.5905 3065.0 188
215.2002 3018.0 188
215.8264 2967.0 188
216.4526 2935.0 188
217.1832 2877.0 188
217.6831 2838.0 188
218.4357 2801.0 188
219.0619 2757.0 188
219.6716 2721.0 188
220.2924 2659.0 188
220.9186 2630.0 188
221.5283 2594.0 188
222.1545 2554.0 188
222.7808 2535.0 188
223.4015 2483.0 188
224.0112 2455.0 188
224.6375 2440.0 188
225.2637 2405.0 188
225.8734 2388.0 188
226.6205 1913.0 188
227.2467 1909.0 188
227.9993 1913.0 188
228.4827 2018.0 188
229.1089 2034.0 188
229.7296 2009.0 188
230.3394 1991.0 188
230.9656 1965.0 188
231.7181 1944.0 188
232.2180 1976.0 188
232.8278 1998.0 188
233.4485 2024.0 188
234.0747 2054.0 188
234.7009 2074.0 188
235.3107 2070.0 188
235.9369 2031.0 188
236.5576 2042.0 188
237.1674 1996.0 188
237.7936 2020.0 188
238.4198 2082.0 188
268.3081 1705.0 188
269.5441 1714.0 188
270.2966 1692.0 188
270.9009 1700.0 188
271.4063 1696.0 188
272.1533 1687.0 188
272.6367 1689.0 188
273.2629 1694.0 188
273.8892 1690.0 188
274.5154 1698.0 188
275.2460 1598.0 188
275.7294 1710.0 188
276.3556 1699.0 188
276.9653 1691.0 188
277.5751 1640.0 188
278.3276 1593.0 188
280.0415 1648.0 188
280.6512 1654.0 188
281.3873 1520.0 188
283.9801 1309.0 188
284.7162 1308.0 188
285.1996 1312.0 188
285.9521 1313.0 188
286.4355 1315.0 188
287.0453 1319.0 188
287.6715 1327.0 188
288.4021 1285.0 188
289.0118 1233.0 188
289.6381 1185.0 188
290.2478 1140.0 188
290.9839 1100.0 188
291.7310 1061.0 188
292.3407 1022.0 188
293.0768 985.0 188
293.7030 938.0 188
294.3073 928.0 188
295.0598 898.0 188
295.5432 871.0 188
296.2958 847.0 188
297.0264 824.0 188
297.5262 802.0 188
298.4052 783.0 188
299.0149 763.0 188
299.6356 744.0 188
300.3882 728.0 188
300.8716 713.0 188
301.6241 699.0 188
302.2449 682.0 188
302.9810 669.0 188
303.7335 655.0 188
304.3542 643.0 188
305.0903 630.0 188
305.4639 620.0 188
306.3428 610.0 188
306.8262 598.0 188
307.5732 588.0 188
308.1995 578.0 188
308.9355 569.0 188
309.5618 560.0 188
310.3088 553.0 188
310.7922 544.0 188
311.5448 536.0 188
312.1710 529.0 188
312.9016 521.0 188
313.5278 513.0 188
314.0277 507.0 188
315.0110 501.0 188
315.5109 495.0 188
316.1371 488.0 188
316.7468 483.0 188
317.3730 477.0 188
318.2300 472.0 188
318.8562 466.0 188
319.4659 462.0 188
320.2185 457.0 188
320.7019 452.0 188
321.4490 447.0 188
322.0587 444.0 188
322.9321 438.0 188
323.2947 434.0 188
324.0417 430.0 188
324.9042 425.0 188
325.4041 422.0 188
326.0138 420.0 188
326.5137 415.0 188
327.4969 412.0 188
327.8705 408.0 188
328.4802 406.0 188
329.3591 402.0 188
329.8425 399.0 188
330.3424 397.0 188
331.0730 394.0 188
331.9519 391.0 188
332.1826 389.0 188
332.9352 386.0 188
333.6713 384.0 188
334.1711 382.0 188
334.7809 379.0 188
335.6543 376.0 188
336.0114 375.0 188
337.0111 372.0 188
337.6208 371.0 188
337.9834 369.0 188
338.9832 367.0 188
339.4666 365.0 188
339.9664 364.0 188
340.7025 362.0 188
341.4331 360.0 188
341.8121 358.0 188
342.4219 357.0 188
343.4216 355.0 188
343.9050 354.0 188
344.6356 352.0 188
345.3882 351.0 188
345.6244 350.0 188
346.3715 349.0 188
347.2339 347.0 188
347.9645 346.0 188
347.9645 346.0 188
349.0741 345.0 188
349.4531 344.0 188
350.4364 343.0 188
350.9198 342.0 188
351.5460 342.0 188
351.7767 340.0 188
352.9028 340.0 188
353.1390 339.0 188
353.8696 338.0 188
354.6222 337.0 188
355.3583 337.0 188
