#RPLIDAR SCAN DATA
#COUNT=556
#Angule	Distance	Quality
354.6552 438.0 188
355.4022 438.0 188
355.9021 437.0 188
356.6547 436.0 188
357.2809 437.0 188
357.9016 436.0 188
358.4015 436.0 188
359.1541 437.0 188
359.7803 436.0 188
0.1538 436.0 188
1.1536 436.0 188
1.7798 436.0 188
2.4060 436.0 188
2.6532 437.0 188
3.6365 437.0 188
4.2627 438.0 188
4.5154 438.0 188
5.1361 439.0 188
6.0150 439.0 188
6.3885 440.0 188
7.2620 440.0 188
7.7618 440.0 188
8.2617 441.0 188
9.0143 442.0 188
9.6240 444.0 188
10.2448 445.0 188
10.8710 445.0 188
11.4972 446.0 188
11.9971 448.0 188
12.7496 449.0 188
13.3704 450.0 188
13.8702 452.0 188
14.6228 452.0 188
15.2490 453.0 188
15.9961 454.0 188
16.4795 456.0 188
17.1057 458.0 188
17.7319 459.0 188
18.2318 462.0 188
18.8580 463.0 188
19.3579 464.0 188
20.1050 467.0 188
20.8575 469.0 188
21.1047 470.0 188
21.9836 473.0 188
22.6044 475.0 188
23.0933 477.0 188
23.7140 479.0 188
24.2139 481.0 188
24.9664 485.0 188
25.4663 487.0 188
26.0925 489.0 188
26.8396 491.0 188
27.2186 493.0 188
27.9657 497.0 188
28.4656 499.0 188
29.0918 503.0 188
29.7180 503.0 188
30.3387 509.0 188
30.9650 512.0 188
31.5912 516.0 188
32.2174 518.0 188
32.7008 522.0 188
33.3270 527.0 188
33.9478 530.0 188
34.5740 534.0 188
35.2002 539.0 188
35.7001 542.0 188
36.5735 546.0 188
37.0734 550.0 188
37.6996 556.0 188
38.3258 560.0 188
38.9520 565.0 188
39.3256 569.0 188
39.9518 576.0 188
40.5780 580.0 188
41.3251 586.0 188
41.8250 591.0 188
42.4347 598.0 188
43.0609 603.0 188
43.5608 609.0 188
44.1870 617.0 188
44.9341 621.0 188
45.3076 629.0 188
46.0602 636.0 188
46.6864 644.0 188
47.3071 649.0 188
47.8125 658.0 188
48.5431 665.0 188
49.0430 675.0 188
49.5428 682.0 188
50.1691 690.0 188
50.7953 701.0 188
51.4215 710.0 188
51.9214 720.0 188
52.5421 729.0 188
53.1683 740.0 188
53.6682 753.0 188
54.4208 761.0 188
55.0305 773.0 188
55.5304 785.0 188
56.0303 795.0 188
56.7773 809.0 188
57.4036 822.0 188
57.9034 822.0 188
58.5297 835.0 188
59.1559 832.0 188
59.7766 836.0 188
60.4028 849.0 188
61.0291 866.0 188
61.6388 884.0 188
62.1387 904.0 188
62.8857 907.0 188
63.5120 897.0 188
64.0118 901.0 188
64.6381 893.0 188
65.2643 890.0 188
65.8905 886.0 188
66.5112 882.0 188
67.2638 879.0 188
67.8735 872.0 188
68.3734 868.0 188
69.1205 857.0 188
69.8730 851.0 188
70.3729 849.0 188
70.9991 846.0 188
71.6199 841.0 188
72.2461 850.0 188
72.8723 848.0 188
73.6249 847.0 188
74.1248 843.0 188
74.8553 839.0 188
75.3552 838.0 188
75.9814 837.0 188
76.7340 833.0 188
77.2339 833.0 188
77.9810 830.0 188
78.6072 826.0 188
79.2334 827.0 188
79.7333 826.0 188
80.4803 825.0 188
80.9802 823.0 188
81.5900 821.0 188
82.3425 821.0 188
82.8424 818.0 188
83.5895 819.0 188
84.2157 821.0 188
84.7156 819.0 188
85.4517 819.0 188
86.0779 818.0 188
86.5778 816.0 188
87.1985 820.0 188
87.8247 816.0 188
88.5773 815.0 188
89.1870 818.0 188
89.6869 816.0 188
90.4340 817.0 188
91.0602 817.0 188
91.5601 819.0 188
92.3071 818.0 188
92.9333 820.0 188
93.5431 822.0 188
94.1693 821.0 188
94.7955 823.0 188
95.4218 824.0 188
96.0425 825.0 188
96.6687 826.0 188
97.1521 827.0 188
97.9047 829.0 188
98.4045 831.0 188
99.1516 833.0 188
99.6515 834.0 188
100.2777 838.0 188
101.0303 837.0 188
101.5137 840.0 188
102.1399 841.0 188
102.8870 833.0 188
103.5132 803.0 188
104.1229 765.0 188
104.7491 742.0 188
105.6226 706.0 188
106.3696 693.0 188
106.8750 664.0 188
107.7319 640.0 188
108.3582 616.0 188
109.1052 599.0 188
109.7314 588.0 188
110.5884 563.0 188
111.0938 553.0 188
111.9672 537.0 188
112.5934 522.0 188
113.4668 506.0 188
114.0765 493.0 188
114.8236 481.0 188
115.3235 471.0 188
116.0760 463.0 188
116.8121 451.0 188
117.4329 443.0 188
118.1854 438.0 188
118.9325 424.0 188
119.5587 417.0 188
120.1685 409.0 188
120.7947 402.0 188
121.4209 395.0 188
122.1680 389.0 188
123.0469 380.0 188
123.5303 375.0 188
124.1510 370.0 188
125.2771 364.0 188
125.6561 358.0 188
126.2769 352.0 188
127.1558 345.0 188
127.5293 342.0 188
128.6554 338.0 188
129.2761 334.0 188
130.0287 328.0 188
130.4022 324.0 188
131.4020 318.0 188
131.7810 317.0 188
132.5281 311.0 188
133.4015 306.0 188
137.1533 136.0 188
137.7795 136.0 188
138.4058 135.0 188
139.0265 134.0 188
139.6527 133.0 188
140.2789 132.0 188
140.9052 130.0 188
141.5259 130.0 188
142.1521 128.0 188
142.7783 128.0 188
143.4045 129.0 188
144.0308 131.0 188
144.6515 133.0 188
145.2777 135.0 188
145.9039 137.0 188
146.5302 139.0 188
147.1509 141.0 188
147.7606 143.0 188
148.3868 146.0 188
149.0131 148.0 188
149.6393 151.0 188
150.2655 153.0 188
150.8862 156.0 188
151.4960 159.0 188
152.1222 162.0 188
152.7484 165.0 188
153.3746 168.0 188
153.9954 171.0 188
154.3744 175.0 188
154.9841 178.0 188
155.6049 182.0 188
155.9839 186.0 188
156.8573 189.0 188
157.4835 194.0 188
158.1042 198.0 188
158.7305 203.0 188
159.3402 208.0 188
159.9664 214.0 188
160.5927 220.0 188
161.2134 225.0 188
160.9662 232.0 188
162.4658 239.0 188
161.3232 245.0 188
162.0758 253.0 188
163.0756 261.0 188
167.3108 269.0 188
167.9370 263.0 188
167.9205 262.0 188
168.6676 261.0 188
169.1675 261.0 188
169.5465 261.0 188
171.2933 262.0 188
171.9031 264.0 188
171.5295 265.0 188
172.1558 268.0 188
172.4030 270.0 188
172.8864 272.0 188
174.2651 274.0 188
175.0122 275.0 188
174.7650 278.0 188
176.1383 281.0 188
176.1218 280.0 188
177.5885 2512.0 188
178.2147 2513.0 188
178.8409 2490.0 188
179.4672 2480.0 188
180.0769 2486.0 188
180.7031 2476.0 188
181.3239 2410.0 188
182.9333 1547.0 188
183.5596 1541.0 188
184.3121 1441.0 188
184.9329 1438.0 188
185.4218 1593.0 188
186.0425 1604.0 188
186.6687 1600.0 188
187.2949 1594.0 188
187.9047 1601.0 188
188.5309 1601.0 188
189.0308 1600.0 188
189.7778 1612.0 188
190.3876 1601.0 188
190.8875 1605.0 188
191.6400 1614.0 188
192.2607 1611.0 188
192.8705 1601.0 188
194.6228 1920.0 188
195.1062 2303.0 188
195.7324 2223.0 188
196.3586 2145.0 188
196.9794 2181.0 188
197.5891 2234.0 188
198.2153 2221.0 188
198.8416 2217.0 188
201.1981 2729.0 188
201.8243 2738.0 188
202.4341 2715.0 188
203.0603 2724.0 188
203.6865 2738.0 188
204.3073 2741.0 188
204.9170 2757.0 188
205.5432 2766.0 188
206.1694 2791.0 188
206.7957 2808.0 188
207.2791 2832.0 188
208.0261 2850.0 188
208.6523 2862.0 188
209.2786 2891.0 188
209.7620 2883.0 188
210.3882 2920.0 188
211.1353 2926.0 188
211.7615 2962.0 188
212.2449 2991.0 188
212.8711 3008.0 188
213.4973 3024.0 188
214.1235 3039.0 188
214.7333 3052.0 188
215.3540 3101.0 188
215.9802 3121.0 188
216.6064 3144.0 188
217.2162 3180.0 188
217.8424 3215.0 188
218.4686 3233.0 188
219.0894 3221.0 188
219.6991 3153.0 188
220.3253 3132.0 188
220.9515 3088.0 188
221.5613 3051.0 188
222.1875 3020.0 188
222.8082 2997.0 188
223.4180 2954.0 188
224.0442 2916.0 188
224.7968 2901.0 188
225.4010 2861.0 188
225.9009 2838.0 188
226.6534 2814.0 188
227.2632 2799.0 188
227.8894 2753.0 188
228.5156 2715.0 188
229.1364 2697.0 188
229.7461 2677.0 188
230.3723 2659.0 188
230.9985 2623.0 188
231.6083 2603.0 188
232.2290 2598.0 188
232.8552 2582.0 188
233.4650 2555.0 188
234.0912 2536.0 188
234.7174 2512.0 188
235.3271 2503.0 188
235.9479 2476.0 188
236.5741 2453.0 188
237.1838 2446.0 188
237.8101 2430.0 188
238.4363 2424.0 188
239.0625 2403.0 188
239.6667 2390.0 188
240.2930 2370.0 188
240.9027 2363.0 188
241.5289 2336.0 188
242.1552 2329.0 188
242.7649 2314.0 188
243.5120 2289.0 188
244.1382 2283.0 188
244.6216 2279.0 188
245.3741 2269.0 188
245.9949 2265.0 188
246.4838 2247.0 188
247.2308 2228.0 188
247.8571 2222.0 188
248.4668 2220.0 188
249.0930 2204.0 188
249.7137 2197.0 188
250.3235 2201.0 188
250.9497 2178.0 188
251.5759 2180.0 188
252.1857 2167.0 188
252.8119 2166.0 188
253.4326 2157.0 188
254.0424 2155.0 188
254.6686 2146.0 188
255.2948 2139.0 188
255.9045 2143.0 188
256.5308 2133.0 188
257.1515 2128.0 188
257.7612 2129.0 188
258.3875 2122.0 188
259.0137 2115.0 188
259.6234 2110.0 188
260.2496 2113.0 188
260.8594 2109.0 188
261.4801 2107.0 188
262.0898 2107.0 188
262.7161 2098.0 188
263.3258 2096.0 188
263.9520 2092.0 188
264.5618 2100.0 188
265.1825 2089.0 188
265.7922 2091.0 188
266.4185 2081.0 188
267.0282 2085.0 188
267.6544 2093.0 188
268.2642 2079.0 188
268.8904 2079.0 188
269.5111 2082.0 188
270.1208 2080.0 188
270.7471 2089.0 188
271.3568 2084.0 188
271.9830 2087.0 188
272.5928 2093.0 188
273.2135 2093.0 188
273.8232 2093.0 188
274.4495 2097.0 188
275.0592 2105.0 188
275.6854 2104.0 188
276.2952 2104.0 188
276.9214 2147.0 188
277.5311 2155.0 188
278.1519 2133.0 188
278.7781 1991.0 188
279.5142 1876.0 188
280.1404 1754.0 188
280.8875 1655.0 188
281.5137 1586.0 188
282.1234 1502.0 188
282.7496 1433.0 188
283.4967 1370.0 188
284.1229 1314.0 188
284.8590 1258.0 188
285.4797 1211.0 188
286.1060 1169.0 188
286.8585 1133.0 188
287.4683 1089.0 188
288.2153 1048.0 188
288.8416 1012.0 188
289.4678 975.0 188
290.1984 944.0 188
290.8246 914.0 188
291.5771 894.0 188
292.1979 862.0 188
292.8076 845.0 188
293.5602 815.0 188
294.1864 797.0 188
294.8071 780.0 188
295.5432 760.0 188
296.2958 742.0 188
296.7957 724.0 188
297.5427 710.0 188
298.1525 696.0 188
298.7787 683.0 188
299.5313 675.0 188
300.1520 657.0 188
300.8881 643.0 188
301.3879 636.0 188
302.2614 626.0 188
302.8711 617.0 188
303.3710 622.0 188
304.1235 627.0 188
305.7330 653.0 188
306.2329 692.0 188
306.8427 716.0 188
307.4634 694.0 188
308.2159 684.0 188
308.7158 672.0 188
309.3256 659.0 188
310.0781 659.0 188
310.8252 653.0 188
311.4349 646.0 188
311.9348 637.0 188
312.6874 630.0 188
313.4344 622.0 188
313.9178 616.0 188
314.6704 610.0 188
315.4175 603.0 188
315.7800 597.0 188
316.5271 589.0 188
317.1533 584.0 188
317.7795 578.0 188
318.5156 573.0 188
319.1364 568.0 188
319.7626 562.0 188
320.3888 558.0 188
321.1249 554.0 188
321.7456 548.0 188
322.2455 543.0 188
323.1244 541.0 188
323.6078 534.0 188
324.1077 530.0 188
324.9811 527.0 188
325.7336 522.0 188
326.3544 517.0 188
326.8433 515.0 188
327.4640 512.0 188
328.0902 508.0 188
328.7164 505.0 188
329.5734 502.0 188
329.9524 499.0 188
330.6995 495.0 188
331.1993 492.0 188
332.0728 490.0 188
332.5616 487.0 188
333.0615 485.0 188
334.0613 482.0 188
334.5612 480.0 188
335.0446 478.0 188
335.6708 475.0 188
336.5442 473.0 188
337.0441 471.0 188
337.9175 468.0 188
338.5272 466.0 188
339.1534 464.0 188
339.6533 463.0 188
340.4059 460.0 188
340.9058 458.0 188
341.4056 457.0 188
342.2791 455.0 188
342.7789 454.0 188
343.4052 453.0 188
344.1522 452.0 188
344.7784 450.0 188
345.2783 450.0 188
345.9045 448.0 188
346.6516 446.0 188
347.4042 446.0 188
347.9041 445.0 188
348.4039 444.0 188
349.0302 443.0 188
349.9036 442.0 188
350.4034 441.0 188
351.0461 441.0 188
351.5460 439.0 188
352.2931 439.0 188
352.7930 439.0 188
353.4192 438.0 188
354.2926 438.0 188
